38,20,50
f,0,0,0,0,0,0,0,0,0,0,0,0,0,0,0,0,0,0,0,0,0,0,0,0,0,0,0,0,0,0,0,0,0,0,0,0,f
f,0,0,0,0,0,0,0,0,0,0,0,0,0,0,0,0,f,0,RT,0,0,0,0,0,0,0,0,0,0,0,0,0,0,0,0,0,f
f,0,0,0,0,0,0,0,0,0,0,0,0,0,0,0,0,0,0,0,0,0,0,0,0,0,0,0,0,0,0,0,0,0,0,0,0,f
f,0,0,0,0,0,0,0,0,0,0,0,0,sU,0,sU,0,0,0,RT,0,0,0,0,0,0,0,0,0,0,0,0,0,0,0,0,0,f
f,0,0,0,0,0,0,0,0,0,0,0,0,f,f,f,0,0,0,0,0,0,0,0,0,0,0,0,0,0,0,0,0,0,0,0,0,f
f,0,0,0,0,0,0,0,0,0,0,0,0,0,0,f,0,0,0,RT,0,0,0,0,0,0,0,0,0,0,0,0,0,0,0,0,0,f
f,0,0,0,0,0,0,0,0,0,0,0,0,0,0,f,0,0,0,0,0,0,0,0,0,0,0,0,0,0,0,0,0,0,0,0,0,f
f,0,0,0,0,0,0,0,0,0,0,0,0,0,0,f,f,0,0,RT,0,0,0,0,0,0,0,0,0,0,0,0,0,0,0,0,0,f
f,0,0,0,0,0,0,0,0,0,0,0,0,0,0,0,0,0,0,0,0,0,0,0,0,0,0,sU,0,0,0,0,0,c,0,0,0,f
f,0,0,0,0,0,0,0,0,0,0,0,0,0,0,0,0,0,0,RT,0,0,0,0,0,0,f,f,f,f,f,f,f,f,f,f,f,f
f,0,0,0,0,0,0,0,0,0,0,0,0,0,0,0,0,0,0,0,0,0,0,0,0,0,0,0,0,0,0,0,0,0,0,0,0,f
f,0,0,0,0,0,0,0,sU,sU,sU,sU,0,0,0,0,0,0,0,RT,0,0,0,0,0,0,0,0,0,0,0,0,0,0,0,0,0,f
f,0,0,f,f,f,f,f,f,f,f,f,f,f,0,0,0,0,0,0,0,0,0,0,0,0,0,0,0,0,0,0,0,0,0,0,0,f
f,0,0,0,0,0,0,0,0,0,0,0,0,0,0,0,0,0,0,RT,0,0,0,0,0,0,0,0,0,0,0,0,0,0,0,0,0,f
f,0,0,0,0,sU,sU,sU,0,0,0,0,0,0,0,0,0,0,0,0,0,0,0,0,0,0,0,0,0,0,0,0,0,0,0,0,0,f
f,f,f,f,f,f,f,f,f,f,f,f,0,0,0,0,0,0,0,RT,0,0,0,0,0,0,0,0,0,0,0,0,0,0,0,0,0,f
f,0,0,0,0,0,0,0,0,0,0,0,0,0,0,0,0,0,0,0,0,0,0,0,0,0,0,0,0,0,0,0,0,0,0,0,0,f
f,0,0,0,0,RDU,0,0,0,0,0,0,0,0,0,0,0,0,0,0,0,0,0,0,0,0,0,0,0,0,0,0,0,0,0,0,0,f
f,0,0,0,0,RDD,0,0,0,0,0,0,0,0,0,0,0,0,0,0,0,0,0,0,0,0,0,0,0,0,0,S,0,0,0,0,0,f
f,f,f,f,f,f,f,f,f,f,f,f,f,f,f,f,f,f,f,f,f,f,f,f,f,f,f,f,f,f,f,f,f,f,f,f,f,f